#   N_BLOCK:  ACCEPTANCE:
           10.0000000e+00
           20.0000000e+00
           30.0000000e+00
           40.0000000e+00
           50.0000000e+00
           60.0000000e+00
           70.0000000e+00
           80.0000000e+00
           90.0000000e+00
          100.0000000e+00
          110.0000000e+00
          120.0000000e+00
          130.0000000e+00
          140.0000000e+00
          150.0000000e+00
          160.0000000e+00
          170.0000000e+00
          180.0000000e+00
          190.0000000e+00
          200.0000000e+00
